0
-0,170406582402644 -0,238905372347974 -0,307105872662106 
-0,105810910148187 -0,110463473364224 -0,114959407558589 
0,0446478431165812 0,189444978654664 0,334242114192754 
1
-0,160873481608141 -0,232043821431194 -0,306135632100172 
-0,104364499128462 -0,110725663628198 -0,11708930006782 
0,0217490275048655 0,168162210436876 0,321575778196043 
2
-0,15049620507956 -0,225524277996089 -0,304537103134478 
-0,1024219713232 -0,110826506194697 -0,118770245744088 
0,00350574999331264 0,150937260233604 0,31121514447511 
3
-0,141789487143549 -0,219617873508355 -0,302726747892369 
-0,100888036826297 -0,110838796513644 -0,120120365765963 
-0,00996498418924495 0,136562560942198 0,302578975079437 
4
-0,134352428566848 -0,214034140969724 -0,300858035585285 
-0,0996329268951903 -0,110410562335713 -0,12128130524278 
-0,0219073973522317 0,124224929848057 0,295215712453875 
5
-0,127852750140002 -0,208754108204497 -0,298985768119567 
-0,098568488784421 -0,110089000631089 -0,12229742889291 
-0,032694411610801 0,113390486332348 0,288783000707119 
6
-0,122064436657082 -0,20381171443934 -0,297116677794612 
-0,0976356865628798 -0,109827966642786 -0,123197137795152 
-0,0425157606008354 0,103689915644419 0,283044464656861 
7
-0,116831639454398 -0,199298728698542 -0,295277944130608 
-0,096794570603501 -0,109599124144652 -0,124002401235711 
-0,0515430492016905 0,0948710933361 0,277836744103291 
8
-0,112043686382727 -0,19512235560599 -0,293475460967193 
-0,0960180843433265 -0,10938427488875 -0,124727691159264 
-0,0598876387183259 0,0867582979518664 0,273046402007521 
9
-0,107622089092328 -0,191217830920047 -0,291706389723142 
-0,0952884865682511 -0,109172162944088 -0,125383126041766 
-0,0676550507276678 0,0792263403460755 0,268593917573911 
10
-0,103509938984299 -0,187539160475622 -0,289967650470313 
-0,094594230046637 -0,108956127329708 -0,125976221750422 
-0,074917813341213 0,0721838025678737 0,264422682771103 
11
-0,0996649105675793 -0,184052939458719 -0,288256120651918 
-0,093927831427459 -0,108732482822739 -0,126512846349932 
-0,0817334866099032 0,065562191572331 0,260491597573369 
12
-0,0960547087316714 -0,180734303411931 -0,286569127817988 
-0,0932844629183518 -0,108499436716198 -0,126997775968672 
-0,0881496612159414 0,059308855062681 0,256770141225215 
13
-0,09265405980571 -0,177564267641843 -0,284905570996961 
-0,092661024683926 -0,108256376249746 -0,127435027229601 
-0,094206236273249 0,0533822929428179 0,253235069225841 
14
-0,0894426792410106 -0,174527963294472 -0,283263679112663 
-0,0920555317634391 -0,108003405857054 -0,127828060779298 
-0,099937116280102 0,0477490306099768 0,249868246687215 
15
-0,0864039393759118 -0,171613457729831 -0,281642034725117 
-0,0914667255321095 -0,107741050267799 -0,128179911253758 
-0,105371396272209 0,0423814916895561 0,246655175277212 
16
-0,0835239373798335 -0,168810955026686 -0,280039495811407 
-0,0908938162526256 -0,107470065651425 -0,12849327312731 
-0,110534283647943 0,0372565305927643 0,243583992866126 
17
-0,0807908458702449 -0,166112247465309 -0,278455130769727 
-0,0903363157385321 -0,107191321109494 -0,128770560070135 
-0,115447802861713 0,0323544038453469 0,240644787606901 
18
-0,0781944526719192 -0,163510333589097 -0,276888166406113 
-0,089793928658663 -0,106905725491037 -0,129013947825716 
-0,120131342216454 0,0276580358877626 0,237829121382534 
19
-0,0757258284850895 -0,160999147883448 -0,275337947230329 
-0,0892664819200713 -0,106614183218421 -0,129225406478026 
-0,124602083941087 0,0231524849908218 0,235129693984741 
20
-0,0733770825145272 -0,15857336608248 -0,273803904090316 
-0,0887538789052576 -0,106317568563283 -0,129406725670002 
-0,128875346697681 0,0188245471400269 0,232540102507276 
21
-0,0711411791792705 -0,156228262327499 -0,272285530237397 
-0,0882560698338463 -0,106016711551016 -0,12955953494059 
-0,132964861473637 0,0146624564550465 0,230054665880619 
22
-0,0690117980299032 -0,153959602384108 -0,270782363183355 
-0,0877730326402742 -0,105712391122622 -0,12968532055516 
-0,136882996151852 0,0106556542888359 0,227668294539541 
23
-0,0669832247171856 -0,151763562309365 -0,269293971030274 
-0,0873047607149728 -0,1054053327577 -0,1297854397214 
-0,140640940071816 0,006794608027964 0,225376391794915 
24
-0,065050264643506 -0,149636665366809 -0,267819942236007 
-0,0868512551285234 -0,105096208778016 -0,129861132787072 
-0,144248857057941 0,00307066649466396 0,223174777803106 
25
-0,0632081734969299 -0,147575732248808 -0,266359877968333 
-0,0864125197883105 -0,104785640204998 -0,129913533827325 
-0,147716013342704 -0,000524057218682038 0,221059629893498 
26
-0,0614526005561147 -0,145577841168355 -0,264913386435287 
-0,0859885585149245 -0,104474199463867 -0,129943679921847 
-0,151050885311037 -0,00399678199748167 0,219027434960104 
27
-0,0597795418020083 -0,143640295390972 -0,263480078725552 
-0,0855793733718225 -0,104162413493552 -0,129952519342199 
-0,15426125088223 -0,00735413874016215 0,21707495088527 
28
-0,0581853007084775 -0,141760596473397 -0,262059565759484 
-0,0851849638124762 -0,103850766993093 -0,129940918812144 
-0,15735426751561 -0,010602237632153 0,215199174831852 
29
-0,0566664551152696 -0,139936421946004 -0,26065145609697 
-0,0848053263577586 -0,103539705643758 -0,129909669979657 
-0,160336539195583 -0,0137467252296673 0,213397316870264 
30
-0,0552198289756092 -0,138165606503235 -0,259255354397689 
-0,0844404546112282 -0,103229639213381 -0,129859495206373 
-0,163214174272266 -0,0167928333026245 0,211666777789585 
31
-0,0538424680883766 -0,136446126006985 -0,257870860340294 
-0,0840903394875474 -0,102920944493377 -0,129791052757925 
-0,165992835664294 -0,0197454209345895 0,210005130236741 
32
-0,0525316190941683 -0,13477608376862 -0,256497567912428 
-0,0837549695704192 -0,102613968045366 -0,12970494147545 
-0,168677784640556 -0,0226090110461137 0,208410102562971 
33
-0,0512847111747379 -0,133153698696167 -0,255135064972905 
-0,0834343315424487 -0,102309028749501 -0,129601704987036 
-0,171273919173094 -0,0253878222656574 0,206879564866523 
34
-0,0500993400397513 -0,131577294990305 -0,253782932984887 
-0,0831284106522733 -0,102006420157633 -0,12948183550862 
-0,173785807675223 -0,028085796885596 0,205411516848594 
35
-0,0489732538224776 -0,13004529312968 -0,252440746912466 
-0,08283719119383 -0,101706412659376 -0,129345777288393 
-0,176217718794553 -0,0307066254985012 0,204004077200227 
36
-0,0479043406116643 -0,128556201941934 -0,251108059699693 
-0,0825606569908505 -0,101409255472782 -0,129193929713611 
-0,178573647982675 -0,0332537688012639 0,202655474537574 
37
-0,0468906177214611 -0,127108611608269 -0,249784358684502 
-0,0822987920069191 -0,101115178479453 -0,129026650069872 
-0,180857341192095 -0,0357304769841592 0,201364040225313 
38
-0,0459302227660955 -0,125701187435228 -0,248469290935602 
-0,0820515810932414 -0,100824393889065 -0,128844256175253 
-0,183072312520838 -0,0381398070543769 0,200128198062171 
39
-0,0450214018485083 -0,124332664257944 -0,247162405716541 
-0,0818190094012601 -0,100537097756769 -0,128647028679856 
-0,185221868540014 -0,0404846383113986 0,198946459256012 
40
-0,0441625033589701 -0,123001841547883 -0,245863246167274 
-0,0816010633581984 -0,100253471419716 -0,128435213222989 
-0,187309122479349 -0,0427676861247231 0,197817416690572 
41
-0,0433519708276796 -0,121707578949193 -0,244571349446415 
-0,0813977310402043 -0,0999736827872115 -0,128209022366072 
-0,189337009382541 -0,0449915144310735 0,196739739660176 
42
-0,042588336483027 -0,120448792258486 -0,243286246842525 
-0,0812090025223293 -0,0996978875250494 -0,127968637346704 
-0,191308299781153 -0,0471585470144052 0,195712169111716 
43
-0,0418702154216835 -0,119224449791442 -0,242007463881632 
-0,0810348702070219 -0,099426230143983 -0,127714209677585 
-0,193225612061192 -0,0492710777116806 0,194733513355826 
44
-0,0411963003095445 -0,118033569085837 -0,240734520427426 
-0,0808753291306127 -0,0991588450000085 -0,127445862600751 
-0,195091423673802 -0,0513312796706732 0,193802644176903 
45
-0,0405653565815199 -0,116875213908166 -0,239466930729731 
-0,0807303772521736 -0,0988958572151233 -0,127163692403061 
-0,19690808132196 -0,0533412137676121 0,192918493292748 
46
-0,0399762180570992 -0,115748491522937 -0,238204203476622 
-0,0806000157261452 -0,0986373835258651 -0,126867769613365 
-0,198677810235523 -0,0553028362760327 0,192080049148897 
47
-0,0394277829432831 -0,114652550197988 -0,236945841801912 
-0,0804842491609709 -0,098383533065875 -0,126558140078027 
-0,200402722636127 -0,0572180058706947 0,191286353983263 
48
-0,0389190101961852 -0,113586576924487 -0,235691343248507 
-0,0803830858701555 -0,0981344080901712 -0,126234825924653 
-0,202084825479593 -0,0590884900355585 0,190536501156068 
49
-0,0384489073994144 -0,112549794862552 -0,234440214270439 
-0,0802965376704062 -0,0978901045481057 -0,125897826998599 
-0,203725507300531 -0,0609159708392629 0,189829631980196 
50
-0,0380165403274335 -0,111541461736679 -0,233191943034509 
-0,0802246201716715 -0,0976507127122931 -0,125547119271147 
-0,205326863565664 -0,0627020503476314 0,189164925577281 
51
-0,0376210302132959 -0,110560868514308 -0,23194600862979 
-0,0801673532622459 -0,0974163178884448 -0,125182658847808 
-0,206890869422767 -0,0644482552122504 0,188541609871029 
52
-0,0372615470873101 -0,109607337449304 -0,230701887079681 
-0,0801247612016662 -0,0971870008473303 -0,124804382450866 
-0,208419174672217 -0,0661560415316971 0,187958958891958 
53
-0,0369373072016587 -0,108680220412851 -0,229459048569246 
-0,0800968727115818 -0,0969628382426378 -0,124412206930658 
-0,209913353832701 -0,0678267992637196 0,187416286960669 
54
-0,036647570814469 -0,107778897491335 -0,228216957313439 
-0,0800837211297964 -0,0967439030600573 -0,124006029801877 
-0,211374910755187 -0,0694618560832238 0,186912947054024 
55
-0,0363916401367629 -0,106902775679416 -0,226975071395783 
-0,0800853445528756 -0,0965302650307471 -0,123585729717421 
-0,212805282887185 -0,0710624809555148 0,186448329285848 
56
-0,0361688574293591 -0,106051287660999 -0,225732842579044 
-0,0801017859690128 -0,0963219910125779 -0,12315116688387 
-0,214205845216941 -0,0726298874484846 0,18602185949381 
57
-0,0359786032377954 -0,105223890670917 -0,224489716089113 
-0,0801330933824736 -0,0961191453419984 -0,122702183422159 
-0,215577913924613 -0,0741652368053937 0,185632997924529 
58
-0,0358202947542374 -0,104420065430978 -0,223245130372834 
-0,0801793199306487 -0,0959217901589974 -0,122238603676903 
-0,216922749764814 -0,0756696407980104 0,185281238009431 
59
-0,0356933842963504 -0,103639315154283 -0,221998516830391 
-0,0802405239945764 -0,0957299857073483 -0,121760234476992 
-0,218241561202832 -0,0771441643779771 0,184966105224358 
60
-0,0355973579037595 -0,102881164614703 -0,220749299522903 
-0,0803167693138653 -0,0955437906144153 -0,121266865337573 
-0,219535507323164 -0,0785898281569678 0,184687156100543 
61
-0,0355317340844081 -0,10214515927145 -0,219496894857558 
-0,0804081251177198 -0,0953632621472101 -0,120758268634572 
-0,220805700531605 -0,0800076106797523 0,184443977120466 
62
-0,0354960624742094 -0,101430864440663 -0,218240711243701 
-0,0805146661577653 -0,09518845644575 -0,120234199727117 
-0,222053209064336 -0,0813984505794408 0,184236183815305 
63
-0,035489922746533 -0,100737864532162 -0,216980148725439 
-0,0806364728246083 -0,0950194287472245 -0,119694397046827 
-0,223279059321607 -0,0827632485598573 0,184063419931839 
64
-0,035512923573491 -0,100065762324474 -0,215714598590271 
-0,0807736312472968 -0,0948562335896747 -0,119138582143868 
-0,224484238036834 -0,0841028692520811 0,183925356631605 
65
-0,0355647016445994 -0,0994141782797519 -0,214443442952898 
-0,080926233381608 -0,0946989249989721 -0,118566459693332 
-0,225669694293975 -0,0854181429498652 0,183821691740037 
66
-0,0356449207545039 -0,098782749897848 -0,213166054313758 
-0,0810943770964507 -0,0945475566614776 -0,117977717464469 
-0,226836341404414 -0,0867098672292852 0,183752149045823 
67
-0,0357532709549536 -0,0981711311066457 -0,211881795091994 
-0,0812781662586842 -0,0944021820832144 -0,117372026253555 
-0,22798505865341 -0,0879788084608615 0,183716477646871 
68
-0,0358894677666421 -0,0975789916857562 -0,210590017132512 
-0,0814777108165943 -0,0942628547363063 -0,11674903978106 
-0,229116692924972 -0,0892257032218 0,183714451339616 
69
-0,0360532514470168 -0,0970060167211772 -0,209290061186455 
-0,0816931268823031 -0,0941296281934778 -0,116108394553716 
-0,230232060213535 -0,0904512596151821 0,183745868048656 
70
-0,0362443863103888 -0,0964519060885418 -0,207981256364671 
-0,0819245368133311 -0,0940025562511663 -0,115449709691847 
-0,231331947029689 -0,0916561585023009 0,183810549294043 
71
-0,0364626600970531 -0,0959163739628637 -0,206662919563258 
-0,082172069293522 -0,0938816930418622 -0,11477258672235 
-0,232417111706772 -0,092841054653817 0,183908339693623 
72
-0,0367078833883812 -0,0953991483527945 -0,205334354860689 
-0,0824358594134652 -0,0937670931362043 -0,114076609337341 
-0,233488285614475 -0,0940065778248196 0,184039106498154 
73
-0,036979889065108 -0,0948999706575836 -0,203994852885357 
-0,0827160487506169 -0,0936588116351656 -0,113361343118647 
-0,234546174284914 -0,0951533337585023 0,184202739156915 
74
-0,0372785318062224 -0,0944185952449555 -0,202643690152765 
-0,0830127854491687 -0,0935569042528641 -0,112626335228005 
-0,235591458456214 -0,0962819051226678 0,184399148911861 
75
-0,0376036876260894 -0,0939547890484024 -0,201280128371209 
-0,083326224299857 -0,0934614273901667 -0,111871114062756 
-0,236624795038161 -0,0973928523829699 0,184628268418283 
76
-0,0379552534476248 -0,0935083311822586 -0,199903413714821 
-0,0836565268196587 -0,0933724381994631 -0,111095188876776 
-0,237646818004014 -0,0984867146163576 0,184890051390194 
77
-0,0383331467094524 -0,0930790125731916 -0,198512776062742 
-0,084003861331505 -0,0932899946407366 -0,110298049366193 
-0,238658139212132 -0,0995640102680081 0,185184472268692 
78
-0,0387373050051627 -0,0926666356067194 -0,197107428202914 
-0,084368403043977 -0,0932141555291358 -0,109479165219344 
-0,239659349160813 -0,100625237854536 0,185511525911594 
79
-0,0391676857529044 -0,0922710137874244 -0,195686564999191 
-0,0847503341309871 -0,0931449805741272 -0,10863798563038 
-0,240651017679234 -0,101670876616303 0,18587122730274 
80
-0,0396242658936013 -0,0918919714115889 -0,194249362520057 
-0,0851498438113796 -0,0930825304103313 -0,107773938775704 
-0,241633694557271 -0,102701387121028 0,186263611279408 
81
-0,0401070416163061 -0,0915293432510793 -0,192794977127195 
-0,0855671284284014 -0,093026866619913 -0,106886431252442 
-0,242607910116421 -0,103717211821028 0,186688732276268 
82
-0,0406160281091217 -0,0911829742472287 -0,191322544522223 
-0,0860023915288823 -0,0929780517466439 -0,105974847477904 
-0,243574175724039 -0,104718775565962 0,187146664084363 
83
-0,0411512593343399 -0,0908527192135453 -0,189831178749388 
-0,0864558439420004 -0,0929361493014106 -0,105038549049054 
-0,244532984252637 -0,105706486072833 0,187637499623637 
84
-0,0417127878263794 -0,0905384425461221 -0,188319971152285 
-0,0869277038574375 -0,092901223759036 -0,104076874060738 
-0,245484810485856 -0,106680734354928 0,188161350727366 
85
-0,042300684511219 -0,0902400179405344 -0,1867879892822 
-0,0874181969025835 -0,0928733405461923 -0,103089136381482 
-0,246430111472448 -0,107641895110884 0,188718347937032 
86
-0,0429150385459764 -0,089957328114065 -0,185234275755708 
-0,0879275562185126 -0,0928525660201188 -0,102074624885524 
-0,247369326829414 -0,108590327075344 0,189308640305843 
87
-0,0435559571846679 -0,0896902645342863 -0,183657847059076 
-0,0884560225419855 -0,0928389674400786 -0,101032602629508 
-0,248302878994139 -0,109526373345834 0,189932395267846 
88
-0,0442235657072393 -0,0894387271494661 -0,182057692298413 
-0,0890038443133016 -0,0928326129278133 -0,0999623059881978 
-0,249231173427958 -0,11045036164797 0,190589798406755 
89
-0,0449180072513539 -0,0892026241137442 -0,180432771888784 
-0,0895712777077596 -0,0928335714123575 -0,0988629437437329 
-0,250154598771313 -0,11136260457454 0,191281053220089 
90
-0,0456394426822861 -0,0889818715228256 -0,17878201617947 
-0,0901585866790757 -0,0928419125707925 -0,0977336961223482 
-0,251073526950775 -0,112263399798966 0,192006380995246 
91
-0,0463880505731414 -0,0887763931531564 -0,17710432401543 
-0,0907660430612835 -0,0928577067605118 -0,0965737137810017 
-0,251988313238175 -0,113153030236711 0,192766020648396 
92
-0,0471640271436064 -0,0885861201914082 -0,17539856122984 
-0,0913939266328523 -0,092881024934632 -0,0953821167324264 
-0,25289929626026 -0,114031764186029 0,193560228549136 
93
-0,047967586211918 -0,0884109909615051 -0,17366355906359 
-0,0920425251775516 -0,0929119385452693 -0,0941579932113471 
-0,253806797959815 -0,114899855434426 0,194389278343377 
94
-0,0487989591588512 -0,0882509506476234 -0,17189811250782 
-0,0927121345413676 -0,0929505194337742 -0,0929003984793321 
-0,254711123507819 -0,115757543331458 0,195253460772217 
95
-0,0496583949023622 -0,08810595101155 -0,170100978565002 
-0,0934030586847475 -0,0929968397070788 -0,0916083535649208 
-0,255612561165973 -0,116605052828119 0,19615308348447 
96
-0,0505461598817367 -0,0879759501029312 -0,168270874424173 
-0,0941156097294452 -0,0930509715991579 -0,090280843936061 
-0,256511382098859 -0,117442594483029 0,197088470840542 
97
-0,0514625380499395 -0,0878609119606843 -0,166406475545135 
-0,0948501079990943 -0,0931129873165954 -0,0889168181012682 
-0,257407840134772 -0,11827036443538 0,198059963705047 
98
-0,0524078308728747 -0,0877608063038823 -0,164506413646581 
-0,0956068820526357 -0,0931829588670987 -0,0875151861358906 
-0,258302171474072 -0,119088544344595 0,199067919225694 
99
-0,0533823573342076 -0,0876756082103171 -0,162569274592354 
-0,0963862687096356 -0,0932609578697895 -0,0860748181295469 
-0,259194594343711 -0,119897301296466 0,200112710595454 
100
-0,054386453944292 -0,087605297780782 -0,160593596170036 
-0,0971886130663908 -0,0933470553458738 -0,0845945425505978 
-0,260085308596527 -0,120696787675433 0,201194726795155 
101
-0,0554204747517022 -0,087549859787033 -0,158577865755247 
-0,098014268501663 -0,0934413214883137 -0,0830731445230499 
-0,260974495253423 -0,121487141002616 0,202314372313105 
102
-0,0564847913557273 -0,0875092833012254 -0,15652051785499 
-0,0988635966707138 -0,0935438254088388 -0,0815093640112587 
-0,261862315986756 -0,122268483739106 0,203472066838311 
103
-0,0575797929180329 -0,0874835613044454 -0,154419931522654 
-0,0997369674862488 -0,0936546348606192 -0,0799018939072738 
-0,262748912542669 -0,12304092305389 0,204668244923417 
104
-0,0587058861716409 -0,0874726902718048 -0,1522744276369 
-0,100634759084622 -0,0937738159346743 -0,0782493780153239 
-0,263634406100078 -0,123804550555766 0,20590335561321 
105
-0,0598634954251095 -0,0874766697313155 -0,150082266036035 
-0,101557357775604 -0,0939014327279799 -0,0765504089277376 
-0,264518896563901 -0,124559441988417 0,207177862034151 
106
-0,0610530625595694 -0,0874955017935661 -0,147841642498946 
-0,102505157973661 -0,0940375469809889 -0,0748035257861042 
-0,265402461789599 -0,125305656887906 0,208492240939894 
107
-0,0622750470161983 -0,0875291906489411 -0,145550685563064 
-0,103478562108658 -0,0941822176820737 -0,0730072119211224 
-0,266285156736221 -0,126043238201465 0,209846982207346 
108
-0,063529925771929 -0,0875777420291176 -0,143207453169056 
-0,104477980514208 -0,0943355006364819 -0,0711598923631029 
-0,267167012544498 -0,126772211868349 0,21124258828339 
109
-0,0648181933214631 -0,0876411626345161 -0,1408099291219 
-0,105503831311212 -0,0944974480026361 -0,0692599311932347 
-0,268048035534057 -0,127492586393436 0,21267957369709 
110
-0,0661403617215429 -0,0877194595081364 -0,138356019359126 
-0,106556540309047 -0,0946681077770176 -0,0673056287879228 
-0,268928206122808 -0,128204352278127 0,21415846412069 
111
-0,0674969602575763 -0,0878126393535332 -0,135843548003158 
-0,107636540639548 -0,094847523229391 -0,0652952188805721 
-0,269807477656928 -0,128907481529349 0,215679795703974 
112
-0,0688885354853515 -0,0879207078322446 -0,133270253195185 
-0,108744272624319 -0,0950357323115352 -0,0632268654860117 
-0,27068577515435 -0,129601927036901 0,217244114262753 
113
-0,0703156510970327 -0,0880436687812879 -0,130633782692781 
-0,109880183507483 -0,095232766998587 -0,0610986596359879 
-0,271562993950085 -0,130287621941597 0,218851974336704 
114
-0,0717788877539937 -0,0881815233675012 -0,127931689215192 
-0,111044727147396 -0,0954386525736592 -0,0589086159303397 
-0,272438998241418 -0,130964478955247 0,220503938145548 
115
-0,0732788428811266 -0,0883342691722954 -0,125161425519652 
-0,112238363662709 -0,0956534068506856 -0,0566546688920939 
-0,273313619527675 -0,13163238963148 0,222200574432241 
116
-0,0748161304168805 -0,0885018991996109 -0,122320339190494 
-0,113461559027894 -0,0958770393301036 -0,0543346691135427 
-0,27418665493885 -0,132291223586273 0,223942457180908 
117
-0,0763913805126953 -0,0886844007996523 -0,119405667121805 
-0,114714784612858 -0,0961095502815453 -0,0519463791797108 
-0,275057865446907 -0,132940827666856 0,22573016419611 
118
-0,0780052391749284 -0,0888817544999369 -0,116414529672533 
-0,115998516660755 -0,0963509297471127 -0,0494874693545314 
-0,275926973953362 -0,133581025067624 0,227564275528906 
119
-0,0796583678416825 -0,0890939327347715 -0,113343924471583 
-0,11731323569755 -0,0966011564583798 -0,0469555130138108 
-0,276793663246264 -0,134211614391603 0,229445371733628 
120
-0,0813514428860739 -0,0893208984631902 -0,110190719848442 
-0,118659425866265 -0,0968601966594914 -0,0443479818080697 
-0,277657573819151 -0,134832368656057 0,231374031937794 
121
-0,0830851550366525 -0,0895626036645188 -0,106951647863125 
-0,120037574178007 -0,0971280028280793 -0,0416622405368712 
-0,278518301544344 -0,135443034240724 0,233350831705739 
122
-0,0848602087045982 -0,0898189876996489 -0,103623296906903 
-0,121448169671216 -0,0974045122849435 -0,0388955417148503 
-0,279375395192223 -0,136043329777394 0,23537634067452 
123
-0,0866773212062181 -0,0900899755249852 -0,100202103843142 
-0,122891702469477 -0,0976896456824548 -0,0360450198082628 
-0,280228353787782 -0,136632944979431 0,237451119938466 
124
-0,0885372218678832 -0,0903754757445124 -0,096684345654991 
-0,124368662727274 -0,0979833053607571 -0,0331076851190161 
-0,281076623795239 -0,137211539410093 0,23957571915609 
125
-0,0904406510130507 -0,0906753784896024 -0,0930661305640604 
-0,125879539466666 -0,0982853735654296 -0,030080417270949 
-0,281919596118527 -0,137778741221286 0,241750673466675 
126
-0,0923883588883629 -0,0909895530984991 -0,0893433885830942 
-0,12742481932692 -0,0985957105026623 -0,02695995831139 
-0,282756602912094 -0,138334145756026 0,243976499813318 
127
-0,0943811041672046 -0,0913178455700219 -0,0855118614543472 
-0,129004985001289 -0,0989141522146765 -0,0237429053716435 
-0,283586914187636 -0,138877314142857 0,246253693000978 
128
-0,0964196524323644 -0,0916600758052581 -0,0815670919310055 
-0,130620513609838 -0,0992405082830793 -0,0204257028673768 
-0,284409734208131 -0,139407771812745 0,248582721449119 
129
-0,0985047745163248 -0,0920160345880312 -0,0775044123530192 
-0,132271874929876 -0,0995745593260397 -0,0170046341962611 
-0,285224197654467 -0,139925006941579 0,250964022433739 
130
-0,100637244549316 -0,0923854802720127 -0,073318932461522 
-0,133959529385146 -0,0999160542658503 -0,0134758128890837 
-0,286029365551192 -0,140428468845065 0,25339799681257 
131
-0,102817837753473 -0,0927681351557943 -0,069005526392202 
-0,135683925813102 -0,100264707351832 -0,0098351731794249 
-0,286824220939468 -0,140917566311724 0,255885003197 
132
-0,105047327953483 -0,093163681514017 -0,0645588187825022 
-0,137445498986833 -0,100620194915085 -0,00607845994651431 
-0,287607664283245 -0,141391665876612 0,258425351511652 
133
-0,107326484770566 -0,0935717572493185 -0,0599731699217329 
-0,139244666865667 -0,100982151829097 -0,00220121798163195 
-0,288378508594086 -0,141850090039345 0,261019295876062 
134
-0,109656070463148 -0,09399195112619 -0,0552426598661903 
-0,141081827545748 -0,101350167647705 0,00180121947611466 
-0,289135474259618 -0,142292115430889 0,263667026735729 
135
-0,112036836373261 -0,0944237975435423 -0,0503610714338679 
-0,14295735587882 -0,101723782388784 0,00593374299435877 
-0,289877183560089 -0,142716970935065 0,266368662161781 
136
-0,114469518933158 -0,0948667707980912 -0,0453218719847869 
-0,14487159972396 -0,102102481928869 0,010201480057847 
-0,290602154857209 -0,143123835772216 0,269124238229277 
137
-0,116954835181289 -0,0953202787853991 -0,0401181938833605 
-0,146824875793373 -0,102485692970089 0,0146098091072413 
-0,291308796439213 -0,143511837554588 0,271933698374237 
138
-0,11949347533811 -0,0957836551552345 -0,0347428174451833 
-0,148817464948506 -0,102872777486737 0,0191643744308265 
-0,291995287626955 -0,143880050270366 0,274796881461728 
139
-0,122086097469173 -0,0962561517816944 -0,0291881475161041 
-0,150849607000134 -0,103263026643953 0,0238711022617101 
-0,292659706756903 -0,144227492272449 0,277713506334236 
140
-0,124733327303109 -0,0967369327702839 -0,0234461794937343 
-0,152921495207814 -0,103655654282998 0,0287362181276496 
-0,293300294691151 -0,144553124318737 0,280683158044176 
141
-0,127435747003763 -0,0972250636858931 -0,0175084812175929 
-0,15503326996229 -0,104049789690405 0,0337662650507878 
-0,29391495003669 -0,144855847575321 0,283705277720321 
142
-0,130193887092017 -0,0977195012870974 -0,0113661639803201 
-0,157185011726367 -0,104444469584653 0,0389681238976361 
-0,294501424743296 -0,14513450194056 0,286779140562908 
143
-0,133008217515926 -0,0982190823148992 -0,00500985234658953 
-0,159376733302069 -0,104838629407392 0,0443490349118502 
-0,295057315484051 -0,145387864327673 0,289903836344704 
144
-0,135879137799361 -0,0987225110945643 0,00157034841486863 
-0,161608371294857 -0,105231093732715 0,0499166208571897 
-0,29558005458227 -0,145614646882403 0,29307824709097 
145
-0,138806965354474 -0,0992283458170791 0,00838488751745972 
-0,163879776335727 -0,105620565712141 0,0556789120244242 
-0,296066900456326 -0,145813495577908 0,296301022825276 
146
-0,14179192302887 -0,099734983423875 0,0154448067077625 
-0,16619070251965 -0,106005615481983 0,0616443732162615 
-0,296514927582789 -0,145982988915451 0,299570554539479 
147
-0,144834124960646 -0,100240642847704 0,0227618170864052 
-0,16854079558593 -0,106384667380675 0,0678219329727803 
-0,296921016045532 -0,1461216370311 0,302884944101445 
148
-0,147933560701916 -0,100743346435997 0,0303483161641887 
-0,17092957966012 -0,106755985849431 0,0742210152344349 
-0,297281839213881 -0,146227881104533 0,306241970612613 
149
-0,15109007718751 -0,101240899301335 0,0382173073309037 
-0,173356442432803 -0,107117659824604 0,0808515736163908 
-0,297593851635665 -0,146300092974966 0,309639052683528 
150
-0,154303358510594 -0,101730866424112 0,0463826510009016 
-0,175820619093365 -0,107467585501666 0,0877241286693737 
-0,297853281567992 -0,146336575752043 0,313073206675967 
151
-0,15757290353 -0,102210547234037 0,054859044554043 
-0,178321173956025 -0,107803447301225 0,0948498083753676 
-0,298056115618728 -0,146335564822313 0,316541000077803 
152
-0,160898000435583 -0,102676947265248 0,0636620848913868 
-0,180856980057439 -0,108122696733333 0,102240392303775 
-0,298198085778934 -0,146295229798995 0,320038499173803 
153
-0,164277698107011 -0,103126746560006 0,0728083367443797 
-0,183426696351537 -0,108422528942969 0,109908359803448 
-0,298274656039501 -0,146213677500747 0,32356121042348 
154
-0,167710773831822 -0,103556264398769 0,0823154073945494 
-0,186028742190517 -0,108699856645367 0,117866942696574 
-0,298281008650052 -0,146088956182175 0,327104014699333 
155
-0,171195696883777 -0,103961419871609 0,0922020285538831 
-0,188661268735989 -0,108951281117629 0,126130183008407 
-0,298212030099717 -0,14591906128249 0,330661093409411 
156
-0,174730587393691 -0,104337687736415 0,10248814626529 
-0,191322126899621 -0,109173059867713 0,134712996358755 
-0,298062296924932 -0,145701943033184 0,334225845442022 
157
-0,178313169913252 -0,104680048922363 0,113195019812723 
-0,19400883135791 -0,109361070543795 0,143631241735544 
-0,297826061483951 -0,145435516299346 0,337790793595688 
158
-0,181940720809419 -0,104982934904944 0,124345330784949 
-0,196718520043803 -0,109510770552937 0,152901798402321 
-0,297497237891085 -0,145117672974478 0,341347478493196 
159
-0,18561000822243 -0,105240165111524 0,135963303616069 
-0,19944790848927 -0,109617151826921 0,162542650979484 
-0,297069388338336 -0,144746297797827 0,344886339161728 
160
-0,189317224512192 -0,105444876393324 0,148074839155162 
-0,202193238405522 -0,109674690053473 0,172572983795445 
-0,296535710122357 -0,144319287985439 0,348396577559924 
161
-0,193057909190349 -0,105589443310679 0,160707663082794 
-0,204950219560258 -0,109677287572643 0,18301328585464 
-0,295889023758358 -0,143834577647227 0,351866004711919 
162
-0,196826861155484 -0,105665387892921 0,173891491322957 
-0,207713964011272 -0,109618209022195 0,193885468006803 
-0,295121762690126 -0,143290167953661 0,355280865625801 
163
-0,200618038580967 -0,105663277259282 0,187658215008043 
-0,210478911570138 -0,109490008657432 0,205212994225588 
-0,294225965239725 -0,14268416428115 0,358625639617336 
164
-0,204424444524511 -0,105572607202625 0,202042108065695 
-0,213238745189703 -0,109284448088098 0,217021029309349 
-0,293193269620289 -0,142014821846295 0,361882812039688 
165
-0,208237995998449 -0,105381669496684 0,217080061144672 
-0,215986294762529 -0,10899240295966 0,229336605836559 
-0,292014913065895 -0,141280601693731 0,365032612672395 
166
-0,212049373855076 -0,105077400278958 0,232811846429106 
-0,218713427583051 -0,108603756851754 0,242188813887269 
-0,290681736432245 -0,140480239352257 0,368052715120623 
167
-0,21584785039503 -0,104645206371372 0,24928041897585 
-0,221410923466531 -0,108107280367285 0,255609017941649 
-0,2891841960115 -0,139612829050076 0,370917890484312 
168
-0,219621091097539 -0,104068765813501 0,26653226164725 
-0,22406833223848 -0,1074904930365 0,269631106579691 
-0,287512384816509 -0,138677927122904 0,373599607237425 
169
-0,223354926300864 -0,103329798180269 0,284617782648797 
-0,22667381102482 -0,106739505255676 0,28429178226923 
-0,285656066266678 -0,137675679216052 0,376065567659933 
170
-0,227033088043436 -0,102407799416224 0,303591777337557 
-0,22921393851457 -0,105838837018446 0,299630900849458 
-0,283604724108349 -0,136606977152566 0,378279169232783 
171
-0,230636906642324 -0,101279734919492 0,323513969675631 
-0,231673503184559 -0,104771209681347 0,315691873607991 
-0,281347633611412 -0,13547365302622 0,380198877067628 
172
-0,234144960997969 -0,0999196834246302 0,344449653972247 
-0,234035262461867 -0,103517306443966 0,332522149594464 
-0,278873960715292 -0,134278720338538 0,381777490611415 
173
-0,23753267618638 -0,0982984228385559 0,36647046517616 
-0,236279670101903 -0,102055496641631 0,350173802759835 
-0,276172898012853 -0,133026675060478 0,382961284428841 
174
-0,240771861826041 -0,0963829475472089 0,389655317177293 
-0,238384569923973 -0,100361518385413 0,368704258825895 
-0,273233849481911 -0,131723873684888 0,383688998663417 
175
-0,243830185309635 -0,0941359047944484 0,414091565292636 
-0,240324855860038 -0,0984081136057809 0,388177212307982 
-0,270046680004072 -0,130379011113908 0,383890649562923 
176
-0,246670575786018 -0,0915149354749007 0,439876474433645 
-0,24207210164216 -0,0961646092518307 0,40866380774031 
-0,266602051351967 -0,129003729267874 0,383486123794302 
177
-0,249250558573088 -0,0884719019511785 0,467119113335862 
-0,243594169308914 -0,0935964383688502 0,430244195514156 
-0,262891873991249 -0,127613398573303 0,382383511344528 
178
-0,251521526696229 -0,0849519820081587 0,495942855708082 
-0,244854815432874 -0,0906645950801648 0,453009629259419 
-0,258909914329975 -0,126228130355845 0,38047711895507 
179
-0,253427968257033 -0,0808926031109654 0,526488764376839 
-0,245813329549977 -0,0873250179934091 0,477065360379226 
-0,254652610509826 -0,124874100524156 0,377645085847234 
180
-0,254906632626571 -0,0762221577843052 0,558920166430731 
-0,246424260581926 -0,0835278949457288 0,50253472014075 
-0,25011818447546 -0,123585295035055 0,373746489693763 
181
-0,255885758404356 -0,0708584734706788 0,593429156609487 
-0,246637329257778 -0,0792168801426411 0,529564973600472 
-0,245308224624936 -0,122405832139291 0,368617717560339 
182
-0,256284514436444 -0,0647069769159551 0,630246193048497 
-0,246397676321256 -0,0743282049751899 0,558335942417005 
-0,240230997250959 -0,121393074078083 0,362067851294604 
183
-0,256011733897519 -0,0576578950301179 0,669652095080147 
-0,24564659783211 -0,0687895938091967 0,589072854356194 
-0,234868232299034 -0,120621788856222 0,353872583626391 
184
-0,254967269488664 -0,0495836058452813 0,712000989915526 
-0,244323251263413 -0,0625188844659814 0,622065331849032 
-0,229249974829824 -0,120189774422836 0,343764555608991 
185
-0,253040864750587 -0,0403330967639898 0,757749332933589 
-0,242367319763933 -0,0554218741795205 0,657698153787564 
-0,223346318907182 -0,120225251950445 0,331420779142024 
186
-0,250114352333007 -0,02972470422165 0,807506653951465 
-0,239723224048362 -0,0473884212678306 0,696496939867055 
-0,217153722873288 -0,120896478871406 0,316437608855682 
187
-0,246062467490813 -0,0175322426789313 0,862197348720609 
-0,236336681284423 -0,0382799373395615 0,73918301248902 
-0,210659252633107 -0,122165740353076 0,298281052796326 
188
-0,240737126420318 -0,00345713261498382 0,923387730355025 
-0,2321364957403 -0,0279045769497622 0,786756850183726 
-0,203733728163073 -0,123801637841603 0,276162848117057 
189
-0,232462883775546 0,0144703958628614 0,992445119168242 
-0,225776175839903 -0,0143129550616435 0,840306141585228 
-0,196194546557741 -0,126287444484865 0,248915515480014 
190
-0,218265609785778 0,0368649743988633 1,0707887220615 
-0,214124673574134 0,00262864427934462 0,901367944096342 
-0,187826743954374 -0,129891800668661 0,214686528166128 
191
-0,198242959940821 0,0648986150359175 1,16074818197804 
-0,197843214349898 0,0238978806067762 0,97196833795032 
-0,178453272235362 -0,135088476359127 0,170264064199339 
192
-0,169583555999404 0,100974447717916 1,26495144409765 
-0,174611686882927 0,0514359876796104 1,05554115651263 
-0,167977393506897 -0,142732259683989 0,10961284207686 
193
-0,127849730487633 0,149015093339731 1,38553068375069 
-0,140734057914065 0,0884617852401418 1,15390938858864 
-0,157254628407947 -0,154871585300068 0,021769816983235 
194
-0,0664040259728601 0,214762259930316 1,52292840159343 
-0,090690410606368 0,139660487364555 1,26646199520321 
-0,150080362817015 -0,17686990367216 -0,112966232648255 
195
0,0237311806006005 0,305617935616878 1,65457473468578 
-0,0171716062800823 0,210875356593053 1,37211548284875 
-0,157866647885347 -0,221270026811221 -0,319856294471357 
196
0,147686735460478 0,428149818965695 1,68484875782126 
0,0829959511420787 0,30656307485778 1,37669529133818 
-0,204198070503703 -0,307669660927993 -0,578714363121149 
197
0,286631224555449 0,567933656883515 1,64252858169361 
0,189993569849337 0,41054297607874 1,3089044137769 
-0,3050847948253 -0,44528445097928 -0,874654672176496 
198
0,429333632788518 0,707196130494657 1,52461813779527 
0,288879259741387 0,501015813705927 1,16231411565459 
-0,458076333141148 -0,629824233990826 -1,12186524594158 
199
0,555986539845121 0,820978034872743 1,32720142502949 
0,356547562509448 0,550576565953856 0,945244319195349 
-0,65138117004863 -0,84327190098612 -1,2372936148443 
